253861;897;418
253862;897;409
253863;897;418
253865;897;408
253866;897;408
253868;897;418
253869;897;409
253870;897;418
253872;897;418
253873;897;409
253874;897;418
253876;897;418
253877;897;409
253878;897;409
253880;897;418
253881;897;418
253883;897;418
253884;872;418
253885;897;418
253887;897;409
253888;897;409
253889;897;409
253891;897;408
253892;897;409
253894;897;409
253895;897;409
253896;897;418
253898;897;408
253899;897;418
253900;897;408
253902;897;408
253903;897;409
253905;897;418
253906;897;409
253907;897;402
253909;897;418
253910;872;409
253911;897;409
253913;897;408
253914;897;418
253916;897;408
253917;897;408
253918;897;418
253920;897;409
253921;897;418
253922;897;418
253924;897;418
253925;897;402
253926;897;418
253928;897;402
253929;897;402
253931;897;409
253932;897;409
253933;897;418
253935;897;418
253936;897;408
253937;872;402
253939;897;409
