164562;256;897
164563;256;897
164565;256;897
164566;256;897
164568;256;897
164569;256;897
164570;256;897
164572;256;897
164573;256;897
164574;256;897
164576;256;897
164577;256;897
164579;256;897
164580;256;897
164581;256;897
164583;256;897
164584;256;897
164585;256;897
164587;256;897
164588;256;897
164589;256;897
164591;256;897
164592;256;897
164594;256;897
164595;256;897
164596;256;897
164598;256;897
164599;256;897
164600;256;897
164602;256;897
164603;256;897
164605;256;897
164606;256;897
164607;256;897
164609;256;897
164610;256;897
164611;256;897
164613;256;897
164614;256;897
164616;256;897
164617;256;897
164618;256;897
164620;256;897
164621;256;897
164622;256;897
164624;256;897
164625;256;897
164627;256;897
164628;256;897
164629;256;897
164631;256;897
164632;256;897
164633;256;897
164635;256;897
164636;256;897
164637;256;897
164639;256;897
164640;256;897
164642;256;897
164643;256;897
164644;256;897
164646;256;897
164647;256;897
164648;256;897
164650;256;897
164651;256;897
164653;256;897
164654;256;897
164655;256;897
164657;256;897
164658;256;897
164659;256;897
164661;256;897
164662;256;897
164664;256;897
164665;256;897
164666;256;897
164668;256;897
164669;256;897
164670;256;897
164672;256;897
164673;256;897
164675;256;897
164676;256;897
164677;256;897
164679;256;897
164680;256;897
164681;256;897
164683;256;897
164684;256;897
164685;256;897
164687;256;897
164688;256;897
164690;256;897
164691;256;897
164692;256;897
164694;256;897
164695;256;897
164696;256;897
164698;256;897
164699;256;897
164701;256;897
164702;256;897
164703;256;897
164705;256;897
164706;256;897
164707;256;897
164709;256;897
164710;256;897
164712;256;897
164713;256;897
164714;256;897
164716;256;897
164717;256;897
164718;256;897
164720;256;897
164721;256;897
164723;256;897
164724;256;897
164725;256;897
164727;256;897
164728;256;897
164729;256;897
164731;256;897
164732;256;897
164733;256;897
164735;256;897
164736;256;897
164738;256;897
164739;256;897
164740;256;897
164742;256;897
164743;256;897
164744;256;897
164746;256;897
164747;256;897
164749;256;897
164750;256;897
164751;256;897
164753;256;897
164754;256;897
164755;256;897
164757;256;897
164758;256;897
164760;256;897
164761;256;897
164762;256;897
164764;256;897
164765;256;897
164766;256;897
164768;256;897
164769;256;897
164771;256;897
164772;256;897
164773;256;897
164775;256;897
164776;256;897
164777;256;897
164779;256;897
164780;256;897
164781;256;897
164783;256;897
164784;256;897
164786;256;897
164787;256;897
164788;256;898
164790;256;897
164791;256;897
164792;256;897
164794;256;897
164795;256;897
164797;256;897
164798;256;897
164799;256;897
164801;256;897
164802;256;897
164803;256;897
164805;256;897
164806;256;897
164808;256;897
164809;256;897
164810;256;897
164812;256;897
164813;256;897
164814;256;897
164816;256;897
164817;256;897
164819;256;897
164820;256;897
164821;256;897
164823;256;897
164824;256;897
164825;256;897
164827;256;897
164828;256;897
164829;256;897
164831;256;897
164832;256;897
164834;256;897
164835;256;897
164836;256;897
164838;256;897
164839;256;897
164840;256;897
164842;256;897
164843;256;897
164845;256;898
164846;256;897
164847;256;897
164849;256;897
164850;256;897
164851;256;897
164853;256;897
164854;256;897
164856;256;897
164857;256;897
164858;256;897
164860;256;897
164861;256;897
164862;256;897
164864;256;897
